50 2342989 921 
100 883920 1889 
150 1101934 2847 
200 1052705 3814 
250 788500 4738 
300 3398988 5774 
350 1676607 6716 
400 1186741 7666 
450 1132865 8591 
500 3432515 9620 
550 1309131 10489 
600 1342806 11496 
650 4594467 25853 
700 1464550 13431 
750 3658125 30077 
800 8991376 31935 
850 2005227 16290 
900 1855220 17202 
950 5026473 37980 
1000 8819193 40113 
1050 4773748 42005 
1100 4572856 43943 
1150 6356923 45947 
1200 8600490 48061 
1250 4664257 50169 
1300 4566034 52068 
1350 4657801 53977 
1400 2005474 26750 
1450 5964483 58032 
1500 2463470 28881 
1550 2844709 29715 
1600 5860624 64009 
1650 2278517 31556 
1700 5431277 68074 
1750 6041008 70214 
1800 6931948 72210 
1850 6612103 74086 
1900 6166566 76142 
1950 6363982 78189 
2000 2671646 38382 
2050 3834413 39217 
2100 8868050 84106 
2150 8181275 86129 
2200 15850283 88166 
2250 8671545 90291 
2300 8811220 92402 
2350 8032351 44952 
2400 40463389 96182 
2450 14497068 98225 
2500 17368985 100354 
2550 11659263 102439 
2600 14401614 104241 
2650 10974097 106245 
2700 10292445 108249 
2750 9042261 110400 
2800 3808150 53914 
2850 9127053 114310 
2900 3719862 55806 
2950 9232645 118272 
3000 9634573 120443 
3050 9695218 122523 
3100 9960989 124344 
3150 9910093 126347 
3200 10125685 128321 
3250 14283343 130508 
3300 20049195 132563 
3350 13067931 134484 
3400 13971402 136383 
3450 4236763 66002 
3500 11093770 140463 
3550 11262184 142565 
3600 4662829 69281 
3650 12060514 146470 
3700 11537194 148400 
3750 11765752 150432 
3800 12059416 152623 
3850 11966997 154638 
3900 12423887 156415 
3950 12194581 158471 
4000 14668609 160528 
4050 13323540 162682 
4100 13147719 164749 
4150 13091915 166521 
4200 13914789 168503 
4250 13882957 170609 
4300 5551010 82228 
4350 13866272 174912 
4400 14364746 176631 
4450 14205372 178637 
4500 14794982 180795 
